$ 1 0.000005 10.20027730826997 50 5 50 5e-11
172 -672 0 -672 -32 0 7 5 5 0 0 0.5 Drain Voltage
f -736 192 -672 192 52 1.5 0.02
r -672 64 -672 144 0 1000
g -672 272 -672 304 0 0
w -672 208 -672 272 0
w -672 144 -672 176 0
w -672 0 -672 64 0
w -672 176 -608 176 0
174 -784 144 -784 240 0 1000 0.45050000000000007 Resistance
g -784 240 -784 256 0 0
172 -784 144 -784 112 0 7 5 5 0 0 0.5 Drain Voltage
w -768 192 -736 192 0
w -608 176 -544 176 0
f -528 176 -480 176 52 1.5 0.02
g -480 256 -480 304 0 0
f -528 32 -480 32 52 1.5 0.02
R -592 0 -592 -48 0 0 40 5 0 0 0.5
174 -592 0 -592 80 1 1000 0.5 Resistance
w -528 32 -576 48 0
g -592 96 -592 128 0 0
R -480 16 -480 -48 0 0 40 5 0 0 0.5
w -544 176 -528 176 0
w -480 48 -480 160 0
w -480 192 -480 256 0
w -480 192 -368 192 0
w -528 32 -528 -80 0
w -528 -80 -864 -80 0
w -864 -80 -864 400 0
w -416 592 -304 592 0
w -416 592 -416 656 0
w -416 448 -416 560 0
w -480 576 -464 576 0
R -416 416 -416 352 0 0 40 5 0 0 0.5
f -464 432 -416 432 52 1.5 0.02
g -416 656 -416 704 0 0
f -464 576 -416 576 52 1.5 0.02
w -544 576 -480 576 0
w -704 592 -864 400 0
w -608 576 -544 576 0
w -608 544 -608 576 0
w -608 608 -608 672 0
g -608 672 -608 704 0 0
r -608 464 -608 544 0 1000
f -704 592 -608 592 52 1.5 0.02
172 -608 464 -608 432 0 7 5 5 0 0 0.5 Drain Voltage
w -736 192 -736 352 0
w -736 352 -464 352 0
w -464 352 -464 432 0
172 -208 464 -208 432 0 7 5 5 0 0 0.5 Drain Voltage
f -304 592 -208 592 52 1.5 0.02
r -208 464 -208 544 0 1000
g -208 672 -208 704 0 0
w -208 608 -208 672 0
w -208 544 -208 576 0
w -208 576 -144 576 0
w -272 176 -208 176 0
w -272 144 -272 176 0
w -272 208 -272 272 0
g -272 272 -272 304 0 0
r -272 64 -272 144 0 1000
f -368 192 -272 192 52 1.5 0.02
172 -272 64 -272 32 0 7 5 5 0 0 0.5 Drain Voltage
f -208 176 -160 176 52 1.5 0.02
f -16 176 -64 176 52 1.5 0.02
w -144 576 -144 752 0
w -144 752 -752 752 0
w -752 752 -1024 432 0
w -1024 432 -1024 -176 0
w -1024 -176 64 -176 0
w 64 -176 64 176 0
w 64 176 -16 176 0
172 -112 48 -112 16 0 7 5 5 0 0 0.5 Drain Voltage
r -112 48 -112 128 0 1000
w -160 160 -160 128 0
w -160 128 -112 128 0
w -112 128 -64 128 0
w -64 128 -64 160 0
w -64 192 -64 208 0
w -64 208 -112 208 0
w -112 208 -160 208 0
w -160 192 -160 208 0
172 -16 272 -16 240 0 7 5 5 0 0 0.5 Drain Voltage
f -112 400 -16 400 52 1.5 0.02
r -16 272 -16 352 0 1000
g -16 480 -16 512 0 0
w -16 416 -16 480 0
w -16 352 -16 384 0
w -16 384 48 384 0
w -112 208 -112 400 0
w 1200 240 1200 432 0
w 1296 416 1360 416 0
w 1296 384 1296 416 0
w 1296 448 1296 512 0
g 1296 512 1296 544 0 0
r 1296 304 1296 384 0 1000
f 1200 432 1296 432 52 1.5 0.02
172 1296 304 1296 272 0 7 5 5 0 0 0.5 Drain Voltage
w 1152 224 1152 240 0
w 1200 240 1152 240 0
w 1248 240 1200 240 0
w 1248 224 1248 240 0
w 1248 160 1248 192 0
w 1200 160 1248 160 0
w 1152 160 1200 160 0
w 1152 192 1152 160 0
r 1200 80 1200 160 0 1000
172 1200 80 1200 48 0 7 5 5 0 0 0.5 Drain Voltage
w 1376 208 1296 208 0
w 1376 -144 1376 208 0
w 288 -144 1376 -144 0
w 288 464 288 -144 0
w 560 784 288 464 0
w 1168 784 560 784 0
w 1168 608 1168 784 0
f 1296 208 1248 208 52 1.5 0.02
f 1104 208 1152 208 52 1.5 0.02
172 1040 96 1040 64 0 7 5 5 0 0 0.5 Drain Voltage
f 944 224 1040 224 52 1.5 0.02
r 1040 96 1040 176 0 1000
g 1040 304 1040 336 0 0
w 1040 240 1040 304 0
w 1040 176 1040 208 0
w 1040 208 1104 208 0
w 1104 608 1168 608 0
w 1104 576 1104 608 0
w 1104 640 1104 704 0
g 1104 704 1104 736 0 0
r 1104 496 1104 576 0 1000
f 1008 624 1104 624 52 1.5 0.02
172 1104 496 1104 464 0 7 5 5 0 0 0.5 Drain Voltage
w 848 384 848 464 0
w 576 384 848 384 0
w 576 224 576 384 0
172 704 496 704 464 0 7 5 5 0 0 0.5 Drain Voltage
f 608 624 704 624 52 1.5 0.02
r 704 496 704 576 0 1000
g 704 704 704 736 0 0
w 704 640 704 704 0
w 704 576 704 608 0
w 704 608 768 608 0
w 608 624 448 432 0
w 768 608 832 608 0
f 848 608 896 608 52 1.5 0.02
g 896 688 896 736 0 0
f 848 464 896 464 52 1.5 0.02
R 896 448 896 384 0 0 40 5 0 0 0.5
w 832 608 848 608 0
w 896 480 896 592 0
w 896 624 896 688 0
w 896 624 1008 624 0
w 448 -48 448 432 0
w 784 -48 448 -48 0
w 784 64 784 -48 0
w 832 224 944 224 0
w 832 224 832 288 0
w 832 80 832 192 0
w 768 208 784 208 0
R 832 48 832 -16 0 0 40 5 0 0 0.5
g 720 128 720 160 0 0
w 784 64 736 80 0
174 720 32 720 112 1 1000 0.5 Resistance
R 720 32 720 -16 0 0 40 5 0 0 0.5
f 784 64 832 64 52 1.5 0.02
g 832 288 832 336 0 0
f 784 208 832 208 52 1.5 0.02
w 704 208 768 208 0
w 640 208 704 208 0
w 640 32 640 96 0
w 640 176 640 208 0
w 640 240 640 304 0
g 640 304 640 336 0 0
r 640 96 640 176 0 1000
f 576 224 640 224 52 1.5 0.02
172 640 32 640 0 0 7 5 5 0 0 0.5 Drain Voltage
w 48 384 576 224 0
g 1360 688 1360 784 0 0
r 1360 416 1360 688 0 1000
o 7 64 0 4099 0.625 0.00009765625 0 2 7 3
